16.5417
2.41031
1.81592
1.76474
0.364697
2.38875
3.67976
1.2937
1.71764
1.60433
3.8506
0.403767
2.76266
4.94979
2.35385
6.69813
6.85718
4.41937
4.93409
3.78178
2.0918
0.766359
1.4915
0.872519
3.18741
11.1392
0.204599
1.37641
3.69228
2.67925
0.982965
1.75122
0.629078
4.20179
1.57688
2.97424
0.842779
0.794517
0.266948
0.754075
3.77621
0.268741
2.20685
0.481944
0.969045
2.53911
7.30613
2.98215
4.90465
10.8353
3.62966
3.34088
2.09237
1.28821
0.862116
1.38557
3.37282
7.99873
1.27326
1.77976
0.246796
6.72042
5.96356
2.40045
1.96725
6.65794
1.7323
3.0839
3.2552
10.074
3.27014
5.6488
2.11006
1.22731
0.357823
2.44226
1.7847
2.53163
0.980344
1.09378
4.16207
5.50615
1.02108
2.28378
1.42285
4.33022
0.0729842
3.42061
0.242753
0.563517
2.94203
1.76212
1.78718
4.70068
1.53695
1.24385
7.35714
3.42894
2.27405
2.94377
2.21656
4.90234
0.952454
2.02245
1.01112
2.61391
1.74555
2.67917
0.808329
1.28452
3.2698
3.66187
2.78902
2.69431
1.27442
1.2502
0.581445
2.54881
1.96027
2.83623
5.48481
5.78742
1.60944
3.69755
3.79656
2.40737
0.178033
2.29959
1.21195
4.25264
0.843695
0.162776
4.17842
0.517477
1.18116
5.23104
5.86673
3.71543
5.64873
2.77045
3.94215
3.29036
1.19443
0.312722
4.38324
0.494165
0.384104
2.3781
3.56257
0.268528
5.60575
1.06911
7.26072
0.952942
1.83219
1.31379
1.75223
1.48562
2.90156
1.57666
2.83537
3.64567
2.91394
0.319144
4.49609
2.11864
2.23497
5.05174
7.85761
1.6789
0.669436
1.74364
3.93206
1.15177
4.98988
1.6037
2.52007
1.96029
6.34061
2.0802
0.831763
3.66862
1.61432
0.882073
2.01287
3.52425
0.312042
1.86177
1.30888
6.3971
0.244281
11.0452
3.5719
0.564126
1.40493
0.987669
2.0205
1.65512
5.11339
2.28571
2.75749
1.81344
7.11677
8.5807
0.214366
0.868876
2.78318
2.14797
1.13148
0.590371
8.92964
2.30227
0.92692
3.22511
4.62242
1.78819
5.55004
1.48618
2.42822
5.84052
1.69802
6.3084
4.44189
1.9574
1.44735
4.55658
1.65561
5.54575
2.96495
0.425656
0.0372466
0.473457
0.288556
7.73228
6.48934
0.546236
2.16218
0.208309
1.46033
0.662292
2.68672
9.29261
0.19973
6.62052
3.87904
2.563
6.28143
1.56784
2.17271
