5.13673
1.20656
0.769636
0.285206
0.487918
3.41731
0.273025
10.1421
3.47459
2.08502
3.33605
0.214543
2.39251
0.603689
0.279859
0.613329
0.59868
3.0747
1.13189
1.14789
2.05327
0.29258
0.644672
3.29243
2.61403
0.90916
0.720721
2.19489
1.18484
0.67335
0.191656
0.424702
0.50802
0.74672
0.175639
1.4698
0.826215
0.788531
1.63403
3.77662
1.57257
1.32666
3.37545
4.05092
3.2194
0.967657
1.11506
2.16643
1.64258e-05
4.72308
1.1422
1.81749
0.988213
1.33957
0.388659
1.24529
2.1272
3.34269
0.0468388
0.533565
0.257524
2.02498
3.85448
0.92177
1.05145
0.548032
0.276451
2.69465
0.848564
0.752544
1.26509
1.92822
0.625468
0.682059
1.55725
0.19024
2.09586
0.12447
1.96043
0.707536
0.562736
3.45779
1.58884
0.773093
2.70761
2.94705
0.14792
3.34151
0.521778
0.242308
0.612334
1.72476
1.98585
0.723426
1.10889
1.75264
2.70649
1.20581
6.2036
0.0391576
0.51672
2.22274
1.79102
0.722954
2.19146
0.502774
0.774625
4.05321
1.16422
3.70911
0.337946
0.505305
4.46052
2.65086
0.969373
2.10242
0.811696
3.917
0.150629
0.815899
0.794512
0.382327
2.33346
0.200751
1.85725
0.710509
2.24297
2.46201
0.745301
0.00617641
1.22534
0.576256
1.36238
5.12906
3.86787
1.5212
1.5559
2.54145
1.49444
1.14436
0.385749
0.592199
2.21158
1.48409
5.05482
0.504071
1.18468
0.263019
1.83635
0.0914821
4.22554
0.637416
0.724876
3.79483
3.63631
3.04884
2.90635
0.65728
1.71004
4.49535
1.86429
0.942013
0.655321
2.09936
5.26606
2.09944
0.549684
1.60364
0.492322
0.219384
2.08775
0.273357
3.09897
1.44976
14.1557
0.731973
1.1438
1.45311
0.0714727
1.39253
6.48475
2.34838
0.666598
2.00015
3.32549
5.21674
2.78869
0.303072
0.632717
0.536967
0.52841
1.86322
4.34975
1.49995
5.7576
1.08614
1.18089
0.0115853
0.623689
2.6638
1.49724
2.79657
0.13313
0.473133
0.841922
0.135354
1.46559
0.271066
3.79636
2.04395
0.425654
0.946226
1.2236
0.0579989
0.0739304
4.40275
0.996967
0.315608
2.1274
0.0710624
4.3907
3.21048
1.40379
0.572629
0.483405
6.05877
0.798586
3.1579
0.910812
1.07116
1.22278
1.00573
1.96349
0.208919
2.17118
7.80846
0.529731
4.10792
1.79836
2.20056
0.758832
2.7088
1.01521
2.15518
0.783046
1.14594
4.59693
6.03438
0.649226
